0.000000 0.000000
0.050050 0.004909
0.100100 0.019626
0.150150 0.044122
0.200200 0.078347
0.250250 0.122234
0.300300 0.175693
0.350350 0.238619
0.400400 0.310884
0.450450 0.392344
0.500501 0.482837
0.550551 0.582179
0.600601 0.690174
0.650651 0.806603
0.700701 0.931234
0.750751 1.063818
0.800801 1.204087
0.850851 1.351763
0.900901 1.506547
0.950951 1.668131
1.001001 1.836191
1.051051 2.010389
1.101101 2.190378
1.151151 2.375795
1.201201 2.566270
1.251251 2.761422
1.301301 2.960858
1.351351 3.164180
1.401401 3.370979
1.451451 3.580843
1.501502 3.793349
1.551552 4.008073
1.601602 4.224584
1.651652 4.442448
1.701702 4.661229
1.751752 4.880489
1.801802 5.099787
1.851852 5.318685
1.901902 5.536745
1.951952 5.753528
2.002002 5.968602
2.052052 6.181534
2.102102 6.391898
2.152152 6.599273
2.202202 6.803244
2.252252 7.003401
2.302302 7.199343
2.352352 7.390678
2.402402 7.577023
2.452452 7.758004
2.502503 7.933258
2.552553 8.102435
2.602603 8.265195
2.652653 8.421212
2.702703 8.570174
2.752753 8.711783
2.802803 8.845753
2.852853 8.971818
2.902903 9.089724
2.952953 9.199235
3.003003 9.300132
3.053053 9.392213
3.103103 9.475292
3.153153 9.549204
3.203203 9.613801
3.253253 9.668953
3.303303 9.714549
3.353353 9.750499
3.403403 9.776730
3.453453 9.793189
3.503504 9.799845
3.553554 9.796682
3.603604 9.783708
3.653654 9.760949
3.703704 9.728450
3.753754 9.686276
3.803804 9.634513
3.853854 9.573263
3.903904 9.502649
3.953954 9.422813
4.004004 9.333915
4.054054 9.236132
4.104104 9.129662
4.154154 9.014716
4.204204 8.891526
4.254254 8.760339
4.304304 8.621416
4.354354 8.475037
4.404404 8.321495
4.454454 8.161097
4.504505 7.994165
4.554555 7.821034
4.604605 7.642050
4.654655 7.457571
4.704705 7.267968
4.754755 7.073620
4.804805 6.874917
4.854855 6.672257
4.904905 6.466046
4.954955 6.256697
5.005005 6.044630
5.055055 5.830269
5.105105 5.614045
5.155155 5.396389
5.205205 5.177739
5.255255 4.958533
5.305305 4.739209
5.355355 4.520208
5.405405 4.301967
5.455455 4.084925
5.505506 3.869515
5.555556 3.656171
5.605606 3.445319
5.655656 3.237381
5.705706 3.032775
5.755756 2.831910
5.805806 2.635189
5.855856 2.443006
5.905906 2.255746
5.955956 2.073784
6.006006 1.897485
6.056056 1.727202
6.106106 1.563276
6.156156 1.406036
6.206206 1.255796
6.256256 1.112859
6.306306 0.977509
6.356356 0.850019
6.406406 0.730644
6.456456 0.619623
6.506507 0.517178
6.556557 0.423515
6.606607 0.338822
6.656657 0.263267
6.706707 0.197003
6.756757 0.140163
6.806807 0.092859
6.856857 0.055187
6.906907 0.027223
6.956957 0.009022
7.007007 0.000622
7.057057 0.002037
7.107107 0.013267
7.157157 0.034288
7.207207 0.065059
7.257257 0.105517
7.307307 0.155582
7.357357 0.215153
7.407407 0.284110
7.457457 0.362317
7.507508 0.449616
7.557558 0.545831
7.607608 0.650771
7.657658 0.764225
7.707708 0.885966
7.757758 1.015750
7.807808 1.153316
7.857858 1.298390
7.907908 1.450680
7.957958 1.609881
8.008008 1.775674
8.058058 1.947728
8.108108 2.125697
8.158158 2.309225
8.208208 2.497944
8.258258 2.691476
8.308308 2.889433
8.358358 3.091418
8.408408 3.297028
8.458458 3.505849
8.508509 3.717463
8.558559 3.931447
8.608609 4.147372
8.658659 4.364805
8.708709 4.583310
8.758759 4.802449
8.808809 5.021784
8.858859 5.240875
8.908909 5.459283
8.958959 5.676571
9.009009 5.892302
9.059059 6.106045
9.109109 6.317372
9.159159 6.525859
9.209209 6.731088
9.259259 6.932648
9.309309 7.130135
9.359359 7.323154
9.409409 7.511318
9.459459 7.694249
9.509510 7.871582
9.559560 8.042960
9.609610 8.208042
9.659660 8.366494
9.709710 8.518002
9.759760 8.662260
9.809810 8.798979
9.859860 8.927887
9.909910 9.048723
9.959960 9.161247
10.010010 9.265233
10.060060 9.360473
10.110110 9.446775
10.160160 9.523967
10.210210 9.591894
10.260260 9.650420
10.310310 9.699428
10.360360 9.738819
10.410410 9.768515
10.460460 9.788456
10.510511 9.798602
10.560561 9.798932
10.610611 9.789447
10.660661 9.770166
10.710711 9.741126
10.760761 9.702386
10.810811 9.654023
10.860861 9.596135
10.910911 9.528838
10.960961 9.452265
11.011011 9.366572
11.061061 9.271929
11.111111 9.168526
11.161161 9.056571
11.211211 8.936287
11.261261 8.807915
11.311311 8.671714
11.361361 8.527955
11.411411 8.376927
11.461461 8.218932
11.511512 8.054288
11.561562 7.883323
11.611612 7.706380
11.661662 7.523815
11.711712 7.335992
11.761762 7.143288
11.811812 6.946090
11.861862 6.744792
11.911912 6.539797
11.961962 6.331517
12.012012 6.120368
12.062062 5.906775
12.112112 5.691164
12.162162 5.473967
12.212212 5.255621
12.262262 5.036562
12.312312 4.817230
12.362362 4.598064
12.412412 4.379502
12.462462 4.161983
12.512513 3.945943
12.562563 3.731815
12.612613 3.520027
12.662663 3.311005
12.712713 3.105166
12.762763 2.902923
12.812813 2.704682
12.862863 2.510840
12.912913 2.321785
12.962963 2.137895
13.013013 1.959540
13.063063 1.787077
13.113113 1.620851
13.163163 1.461195
13.213213 1.308430
13.263263 1.162861
13.313313 1.024779
13.363363 0.894463
13.413413 0.772172
13.463463 0.658152
13.513514 0.552632
13.563564 0.455822
13.613614 0.367917
13.663664 0.289092
13.713714 0.219506
13.763764 0.159299
13.813814 0.108590
13.863864 0.067482
13.913914 0.036056
13.963964 0.014377
14.014014 0.002486
14.064064 0.000408
14.114114 0.008148
14.164164 0.025689
14.214214 0.052997
14.264264 0.090017
14.314314 0.136674
14.364364 0.192875
14.414414 0.258508
14.464464 0.333441
14.514515 0.417524
14.564565 0.510588
14.614615 0.612447
14.664665 0.722897
14.714715 0.841716
14.764765 0.968667
14.814815 1.103495
14.864865 1.245930
14.914915 1.395687
14.964965 1.552465
15.015015 1.715950
15.065065 1.885816
15.115115 2.061720
15.165165 2.243312
15.215215 2.430227
15.265265 2.622090
15.315315 2.818518
15.365365 3.019116
15.415415 3.223483
15.465465 3.431209
15.515516 3.641878
15.565566 3.855067
15.615616 4.070351
15.665666 4.287297
15.715716 4.505470
15.765766 4.724435
15.815816 4.943750
15.865866 5.162979
15.915916 5.381680
15.965966 5.599416
16.016016 5.815751
16.066066 6.030251
16.116116 6.242486
16.166166 6.452031
16.216216 6.658467
16.266266 6.861379
16.316316 7.060361
16.366366 7.255015
16.416416 7.444950
16.466466 7.629785
16.516517 7.809151
16.566567 7.982688
16.616617 8.150049
16.666667 8.310897
16.716717 8.464911
16.766767 8.611782
16.816817 8.751216
16.866867 8.882933
16.916917 9.006670
16.966967 9.122179
17.017017 9.229227
17.067067 9.327602
17.117117 9.417104
17.167167 9.497556
17.217217 9.568796
17.267267 9.630682
17.317317 9.683088
17.367367 9.725911
17.417417 9.759064
17.467467 9.782481
17.517518 9.796116
17.567568 9.799940
17.617618 9.793946
17.667668 9.778147
17.717718 9.752573
17.767768 9.717276
17.817818 9.672327
17.867868 9.617816
17.917918 9.553852
17.967968 9.480563
18.018018 9.398097
18.068068 9.306617
18.118118 9.206308
18.168168 9.097371
18.218218 8.980023
18.268268 8.854501
18.318318 8.721055
18.368368 8.579953
18.418418 8.431477
18.468468 8.275925
18.518519 8.113610
18.568569 7.944855
18.618619 7.769999
18.668669 7.589393
18.718719 7.403398
18.768769 7.212387
18.818819 7.016743
18.868869 6.816858
18.918919 6.613132
18.968969 6.405973
19.019019 6.195797
19.069069 5.983024
19.119119 5.768082
19.169169 5.551400
19.219219 5.333413
19.269269 5.114557
19.319319 4.895272
19.369369 4.675996
19.419419 4.457169
19.469469 4.239229
19.519520 4.022613
19.569570 3.807755
19.619620 3.595086
19.669670 3.385031
19.719720 3.178012
19.769770 2.974443
19.819820 2.774732
19.869870 2.579280
19.919920 2.388478
19.969970 2.202707
20.020020 2.022342
20.070070 1.847742
20.120120 1.679258
20.170170 1.517227
20.220220 1.361974
20.270270 1.213811
20.320320 1.073033
20.370370 0.939923
20.420420 0.814748
20.470470 0.697758
20.520521 0.589188
20.570571 0.489256
20.620621 0.398161
20.670671 0.316087
20.720721 0.243197
20.770771 0.179638
20.820821 0.125537
20.870871 0.081002
20.920921 0.046123
20.970971 0.020970
21.021021 0.005593
21.071071 0.000022
21.121121 0.004270
21.171171 0.018327
21.221221 0.042165
21.271271 0.075736
21.321321 0.118974
21.371371 0.171792
21.421421 0.234083
21.471471 0.305723
21.521522 0.386569
21.571572 0.476458
21.621622 0.575210
21.671672 0.682628
21.721722 0.798496
21.771772 0.922582
21.821822 1.054638
21.871872 1.194398
21.921922 1.341583
21.971972 1.495898
22.022022 1.657034
22.072072 1.824668
22.122122 1.998463
22.172172 2.178073
22.222222 2.363136
22.272272 2.553282
22.322322 2.748130
22.372372 2.947290
22.422422 3.150363
22.472472 3.356941
22.522523 3.566611
22.572573 3.778953
22.622623 3.993541
22.672673 4.209945
22.722723 4.427731
22.772773 4.646464
22.822823 4.865705
22.872873 5.085015
22.922923 5.303954
22.972973 5.522084
23.023023 5.738967
23.073073 5.954169
23.123123 6.167259
23.173173 6.377810
23.223223 6.585400
23.273273 6.789613
23.323323 6.990039
23.373373 7.186278
23.423423 7.377936
23.473473 7.564629
23.523524 7.745983
23.573574 7.921634
23.623624 8.091231
23.673674 8.254434
23.723724 8.410916
23.773774 8.560363
23.823824 8.702476
23.873874 8.836970
23.923924 8.963575
23.973974 9.082039
24.024024 9.192123
24.074074 9.293607
24.124124 9.386288
24.174174 9.469979
24.224224 9.544514
24.274274 9.609743
24.324324 9.665535
24.374374 9.711779
24.424424 9.748381
24.474474 9.775269
24.524525 9.792388
24.574575 9.799705
24.624625 9.797204
24.674675 9.784890
24.724725 9.762790
24.774775 9.730945
24.824825 9.689421
24.874875 9.638301
24.924925 9.577686
24.974975 9.507699
25.025025 9.428480
25.075075 9.340187
25.125125 9.242998
25.175175 9.137106
25.225225 9.022725
25.275275 8.900083
25.325325 8.769426
25.375375 8.631016
25.425425 8.485131
25.475475 8.332062
25.525526 8.172116
25.575576 8.005614
25.625626 7.832890
25.675676 7.654289
25.725726 7.470169
25.775776 7.280900
25.825826 7.086860
25.875876 6.888438
25.925926 6.686032
25.975976 6.480047
26.026026 6.270897
26.076076 6.058999
26.126126 5.844780
26.176176 5.628667
26.226226 5.411094
26.276276 5.192498
26.326326 4.973315
26.376376 4.753985
26.426426 4.534948
26.476476 4.316643
26.526527 4.099506
26.576577 3.883973
26.626627 3.670476
26.676677 3.459442
26.726727 3.251295
26.776777 3.046452
26.826827 2.845322
26.876877 2.648309
26.926927 2.455808
26.976977 2.268204
27.027027 2.085873
27.077077 1.909181
27.127127 1.738482
27.177177 1.574117
27.227227 1.416416
27.277277 1.265696
27.327327 1.122257
27.377377 0.986387
27.427427 0.858359
27.477477 0.738429
27.527528 0.626838
27.577578 0.523809
27.627628 0.429548
27.677678 0.344244
27.727728 0.268069
27.777778 0.201174
27.827828 0.143695
27.877878 0.095745
27.927928 0.057422
27.977978 0.028802
28.028028 0.009941
28.078078 0.000879
28.128128 0.001633
28.178178 0.012202
28.228228 0.032565
28.278278 0.062680
28.328328 0.102487
28.378378 0.151908
28.428428 0.210841
28.478478 0.279171
28.528529 0.356759
28.578579 0.443450
28.628629 0.539070
28.678679 0.643429
28.728729 0.756316
28.778779 0.877506
28.828829 1.006755
28.878879 1.143806
28.928929 1.288382
28.978979 1.440195
29.029029 1.598941
29.079079 1.764300
29.129129 1.935943
29.179179 2.113524
29.229229 2.296689
29.279279 2.485070
29.329329 2.678289
29.379379 2.875960
29.429429 3.077687
29.479479 3.283065
29.529530 3.491683
29.579580 3.703122
29.629630 3.916960
29.679680 4.132767
29.729730 4.350112
29.779780 4.568559
29.829830 4.787669
29.879880 5.007005
29.929930 5.226126
29.979980 5.444594
30.030030 5.661971
30.080080 5.877821
30.130130 6.091711
30.180180 6.303214
30.230230 6.511905
30.280280 6.717367
30.330330 6.919187
30.380380 7.116961
30.430430 7.310294
30.480480 7.498797
30.530531 7.682092
30.580581 7.859814
30.630631 8.031604
30.680681 8.197121
30.730731 8.356030
30.780781 8.508015
30.830831 8.652771
30.880881 8.790008
30.930931 8.919450
30.980981 9.040838
31.031031 9.153930
31.081081 9.258498
31.131131 9.354333
31.181181 9.441243
31.231231 9.519054
31.281281 9.587610
31.331331 9.646773
31.381381 9.696426
31.431431 9.736468
31.481481 9.766819
31.531532 9.787419
31.581582 9.798226
31.631632 9.799219
31.681682 9.790395
31.731732 9.771772
31.781782 9.743388
31.831832 9.705300
31.881882 9.657583
31.931932 9.600334
31.981982 9.533666
32.032032 9.457715
32.082082 9.372631
32.132132 9.278585
32.182182 9.175766
32.232232 9.064380
32.282282 8.944650
32.332332 8.816816
32.382382 8.681134
32.432432 8.537875
32.482482 8.387328
32.532533 8.229793
32.582583 8.065586
32.632633 7.895037
32.682683 7.718486
32.732733 7.536288
32.782783 7.348808
32.832833 7.156421
32.882883 6.959513
32.932933 6.758479
32.982983 6.553720
33.033033 6.345649
33.083083 6.134680
33.133133 5.921238
33.183183 5.705749
33.233233 5.488646
33.283283 5.270364
33.333333 5.051339
33.383383 4.832012
33.433433 4.612820
33.483483 4.394204
33.533534 4.176601
33.583584 3.960448
33.633634 3.746177
33.683684 3.534219
33.733734 3.324996
33.783784 3.118930
33.833834 2.916432
33.883884 2.717909
33.933934 2.523758
33.983984 2.334368
34.034034 2.150119
34.084084 1.971379
34.134134 1.798508
34.184184 1.631851
34.234234 1.471742
34.284284 1.318503
34.334334 1.172439
34.384384 1.033844
34.434434 0.902996
34.484484 0.780157
34.534535 0.665572
34.584585 0.559472
34.634635 0.462069
34.684685 0.373557
34.734735 0.294116
34.784785 0.223903
34.834835 0.163059
34.884885 0.111707
34.934935 0.069949
34.984985 0.037869
35.035035 0.015530
35.085085 0.002979
35.135135 0.000240
35.185185 0.007318
35.235235 0.024200
35.285285 0.050851
35.335335 0.087218
35.385385 0.133228
35.435435 0.188790
35.485485 0.253791
35.535536 0.328101
35.585586 0.411573
35.635636 0.504037
35.685686 0.605310
35.735736 0.715187
35.785786 0.833450
35.835836 0.959861
35.885886 1.094166
35.935936 1.236098
35.985986 1.385370
36.036036 1.541685
36.086086 1.704728
36.136136 1.874174
36.186186 2.049682
36.236236 2.230902
36.286286 2.417470
36.336336 2.609012
36.386386 2.805144
36.436436 3.005473
36.486486 3.209599
36.536537 3.417112
36.586587 3.627596
36.636637 3.840629
36.686687 4.055785
36.736737 4.272632
36.786787 4.490737
36.836837 4.709662
36.886887 4.928967
36.936937 5.148215
36.986987 5.366966
37.037037 5.584781
37.087087 5.801224
37.137137 6.015861
37.187187 6.228262
37.237237 6.438002
37.287287 6.644660
37.337337 6.847823
37.387387 7.047082
37.437437 7.242040
37.487487 7.432305
37.537538 7.617496
37.587588 7.797242
37.637638 7.971183
37.687688 8.138970
37.737738 8.300268
37.787788 8.454752
37.837838 8.602114
37.887888 8.742058
37.937938 8.874304
37.987988 8.998587
38.038038 9.114657
38.088088 9.222283
38.138138 9.321248
38.188188 9.411355
38.238238 9.492422
38.288288 9.564288
38.338338 9.626807
38.388388 9.679856
38.438438 9.723328
38.488488 9.757135
38.538539 9.781210
38.588589 9.795505
38.638639 9.799991
38.688689 9.794659
38.738739 9.779519
38.788789 9.754603
38.838839 9.719959
38.888889 9.675658
38.938939 9.621788
38.988989 9.558458
39.039039 9.485793
39.089089 9.403940
39.139139 9.313062
39.189189 9.213342
39.239239 9.104979
39.289289 8.988192
39.339339 8.863212
39.389389 8.730292
39.439439 8.589697
39.489489 8.441709
39.539540 8.286625
39.589590 8.124755
39.639640 7.956424
39.689690 7.781968
39.739740 7.601738
39.789790 7.416095
39.839840 7.225410
39.889890 7.030066
39.939940 6.830454
39.989990 6.626974
40.040040 6.420034
40.090090 6.210048
40.140140 5.997437
40.190190 5.782627
40.240240 5.566049
40.290290 5.348136
40.340340 5.129325
40.390390 4.910055
40.440440 4.690765
40.490490 4.471894
40.540541 4.253880
40.590591 4.037162
40.640641 3.822172
40.690691 3.609342
40.740741 3.399097
40.790791 3.191860
40.840841 2.988046
40.890891 2.788063
40.940941 2.592311
40.990991 2.401183
41.041041 2.215062
41.091091 2.034320
41.141141 1.859321
41.191191 1.690414
41.241241 1.527938
41.291291 1.372218
41.341341 1.223567
41.391391 1.082282
41.441441 0.948647
41.491491 0.822929
41.541542 0.705380
41.591592 0.596236
41.641642 0.495715
41.691692 0.404019
41.741742 0.321331
41.791792 0.247818
41.841842 0.183626
41.891892 0.128884
41.941942 0.083701
41.991992 0.048169
42.042042 0.022359
42.092092 0.006321
42.142142 0.000089
42.192192 0.003675
42.242242 0.017071
42.292292 0.040252
42.342342 0.073169
42.392392 0.115758
42.442442 0.167933
42.492492 0.229589
42.542543 0.300604
42.592593 0.380834
42.642643 0.470119
42.692693 0.568280
42.742743 0.675120
42.792793 0.790426
42.842843 0.913966
42.892893 1.045493
42.942943 1.184742
42.992993 1.331436
43.043043 1.485280
43.093093 1.645967
43.143143 1.813173
43.193193 1.986564
43.243243 2.165792
43.293293 2.350500
43.343343 2.540315
43.393393 2.734859
43.443443 2.933740
43.493493 3.136562
43.543544 3.342917
43.593594 3.552392
43.643644 3.764567
43.693694 3.979016
43.743744 4.195312
43.793794 4.413019
43.843844 4.631702
43.893894 4.850923
43.943944 5.070242
43.993994 5.289219
44.044044 5.507417
44.094094 5.724398
44.144144 5.939727
44.194194 6.152973
44.244244 6.363708
44.294294 6.571511
44.344344 6.775964
44.394394 6.976659
44.444444 7.173192
44.494494 7.365171
44.544545 7.552210
44.594595 7.733936
44.644645 7.909983
44.694695 8.079999
44.744745 8.243643
44.794795 8.400588
44.844845 8.550518
44.894895 8.693135
44.944945 8.828151
44.994995 8.955296
45.045045 9.074316
45.095095 9.184972
45.145145 9.287042
45.195195 9.380322
45.245245 9.464625
45.295295 9.539782
45.345345 9.605642
45.395395 9.662074
45.445445 9.708964
45.495495 9.746219
45.545546 9.773763
45.595596 9.791542
45.645646 9.799520
45.695696 9.797681
45.745746 9.786028
45.795796 9.764586
45.845846 9.733396
45.895896 9.692522
45.945946 9.642046
45.995996 9.582067
46.046046 9.512708
46.096096 9.434106
46.146146 9.346419
46.196196 9.249823
46.246246 9.144512
46.296296 9.030696
46.346346 8.908603
46.396396 8.778478
46.446446 8.640583
46.496496 8.495192
46.546547 8.342598
46.596597 8.183106
46.646647 8.017035
46.696697 7.844719
46.746747 7.666503
46.796797 7.482744
46.846847 7.293810
46.896897 7.100079
46.946947 6.901940
46.996997 6.699790
47.047047 6.494034
47.097097 6.285083
47.147147 6.073358
47.197197 5.859281
47.247247 5.643283
47.297297 5.425795
47.347347 5.207253
47.397397 4.988096
47.447447 4.768763
47.497497 4.549692
47.547548 4.331323
47.597598 4.114094
47.647648 3.898440
47.697698 3.684792
47.747748 3.473579
47.797798 3.265224
47.847848 3.060145
47.897898 2.858752
47.947948 2.661449
47.997998 2.468632
48.048048 2.280686
48.098098 2.097988
48.148148 1.920905
48.198198 1.749791
48.248248 1.584989
48.298298 1.426829
48.348348 1.275628
48.398398 1.131689
48.448448 0.995301
48.498498 0.866736
48.548549 0.746253
48.598599 0.634092
48.648649 0.530479
48.698699 0.435621
48.748749 0.349708
48.798799 0.272913
48.848849 0.205388
48.898899 0.147270
48.948949 0.098675
48.998999 0.059701
49.049049 0.030424
49.099099 0.010905
49.149149 0.001182
49.199199 0.001274
49.249249 0.011182
49.299299 0.030885
49.349349 0.060345
49.399399 0.099501
49.449449 0.148277
49.499499 0.206573
49.549550 0.274273
49.599600 0.351242
49.649650 0.437325
49.699700 0.532349
49.749750 0.636125
49.799800 0.748444
49.849850 0.869082
49.899900 0.997797
49.949950 1.134330
50.000000 1.278408
